,Indeed,Monster,SimplyHired
Python,4305,2391,3141
SQL,3163,1764,2249
R,3105,1802,2344
Spark,1691,947,1147
Hadoop,1574,962,1070
Java,1457,791,1008
Tableau,1147,601,883
AWS,1235,586,788
SAS,965,627,736
Hive,852,519,561
Scala,772,472,592
Excel,606,335,485
TensorFlow,873,433,586
C++,798,322,582
Azure,626,378,399
NoSQL,597,261,366
Linux,547,327,376
C,520,382,380
Matlab,567,266,458
Scikit-learn,526,255,383
Pandas,360,196,317
Git,347,160,267
Keras,401,210,263
Javascript,283,226,245
Pig,318,193,198
Hbase,318,78,163
Google Cloud,181,101,138
Docker,373,130,189
NumPy,285,166,253
PyTorch,323,214,258
C#,335,159,176
SPSS,248,147,213
MySQL,237,130,203
Perl,336,115,169
Cassandra,271,82,132
MongoDB,234,123,146
GCP,232,91,116
Kubernetes,261,89,105
D3,131,72,105
Databricks,139,78,90
postgresql,104,130,94
Caffe,171,46,77
Airflow,95,56,77
Alteryx,84,59,72
BigQuery,133,20,56
Fastai,1,0,1
